298 2
297 2
296 3
295 4
294 4
294 5
293 5
292 5
292 6
291 6
291 7
291 8
290 8
289 8
288 8
288 9
287 9
287 10
286 10
285 10
284 10
284 11
284 12
283 12
283 13
282 13
282 14
281 14
281 15
281 16
281 17
280 17
280 18
279 18
279 19
279 20
279 21
278 21
278 22
278 23
278 24
278 25
277 25
277 26
277 27
277 28
277 29
277 30
277 31
277 32
277 33
277 34
277 34
277 35
277 36
277 37
277 38
277 39
276 39
275 39
275 40
275 41
275 42
275 43
274 43
274 44
274 45
273 45
273 46
273 47
273 48
272 49
272 50
271 50
271 51
271 52
271 53
270 53
270 54
270 55
270 56
269 56
269 57
269 58
268 59
267 59
267 60
266 61
265 61
265 62
264 62
264 63
263 63
262 63
262 64
261 64
260 64
260 65
259 65
259 66
258 66
257 66
257 67
256 67
255 67
255 68
254 68
253 68
253 69
253 70
252 70
251 70
251 71
250 71
249 71
249 72
248 72
248 73
247 73
246 73
246 74
245 74
244 74
243 74
242 74
241 74
240 74
239 74
238 74
238 75
237 75
236 75
235 75
234 75
233 75
233 76
232 76
231 76
230 76
229 76
228 76
228 77
227 77
226 77
225 78
225 79
224 79
224 80
223 80
223 81
222 81
222 82
221 82
221 83
220 83
220 84
219 84
218 84
218 85
217 86
217 87
216 87
216 88
216 89
215 89
215 90
215 91
214 91
214 92
214 93
213 93
213 94
213 95
212 95
212 96
211 96
211 97
210 98
210 99
209 99
209 100
208 100
208 101
207 101
207 102
207 103
206 103
205 103
205 104
205 105
204 105
204 106
203 106
203 107
202 107
202 108
201 108
200 108
200 109
199 109
198 109
198 110
197 110
196 110
196 111
196 112
195 112
195 113
194 113
193 113
193 114
192 114
192 115
192 116
192 117
191 117
191 118
190 118
190 119
190 120
189 120
188 121
188 122
187 122
187 123
186 124
186 125
185 125
184 126
183 126
183 127
183 128
182 128
182 129
181 129
180 130
180 131
179 131
179 132
178 132
178 133
177 133
176 133
176 134
175 134
175 135
174 135
174 136
173 136
172 136
172 137
171 137
171 138
170 138
169 138
168 138
168 139
167 139
167 140
166 140
165 140
165 141
164 141
163 141
163 142
162 142
161 143
160 143
160 144
159 144
159 145
158 145
158 146
157 146
156 146
156 147
156 148
155 148
155 149
154 149
154 150
154 151
153 151
153 152
153 153
151 153
151 154
151 155
150 155
150 156
150 157
150 158
150 159
149 159
149 160
149 161
148 161
148 162
148 163
148 164
148 165
148 166
147 166
147 167
147 168
147 169
147 170
146 170
146 172
146 173
145 173
145 174
144 174
144 175
144 176
143 176
143 177
142 178
142 179
142 180
141 180
141 181
140 181
140 182
140 184
139 184
139 185
139 186
138 186
138 187
138 188
137 189
137 190
137 191
136 191
135 191
135 192
135 193
134 194
134 195
134 196
133 196
133 197
133 198
132 198
132 199
131 199
131 200
130 201
130 202
129 202
129 203
129 205
128 205
128 206
127 206
127 207
126 207
126 208
125 208
125 209
124 209
124 210
123 211
123 212
122 213
122 214
121 214
121 215
120 215
120 216
119 217
118 217
118 218
117 219
117 220
116 220
116 221
115 221
115 222
114 222
114 223
113 223
113 224
112 224
111 224
111 225
110 225
110 226
109 226
109 227
108 227
107 227
106 227
106 228
105 228
105 229
104 229
103 229
102 229
102 230
101 230
100 230
100 231
99 231
98 231
97 231
97 232
96 232
95 233
94 233
94 234
93 234
92 234
92 235
91 235
90 235
90 236
89 236
88 236
87 236
87 237
86 237
86 238
85 238
84 238
83 238
83 239
82 239
81 239
81 240
80 240
79 240
78 240
78 241
78 242
77 242
76 242
75 242
75 243
74 243
73 243
72 243
72 244
71 244
70 244
70 245
69 245
69 246
68 246
68 247
67 247
66 247
65 247
65 248
64 248
63 248
63 249
62 249
61 249
61 250
60 250
60 251
59 251
58 251
58 252
58 253
57 253
57 254
56 254
56 255
55 255
55 256
54 256
54 257
54 258
53 258
53 259
53 260
52 260
52 261
51 261
51 262
50 262
50 263
49 264
49 265
49 266
48 266
48 267
47 267
46 267
46 268
45 268
45 269
44 269
44 270
43 270
43 271
42 271
41 271
41 272
40 272
40 273
39 273
39 274
38 274
37 275
36 275
36 276
35 276
34 276
33 276
33 277
32 277
31 277
31 278
30 278
29 278
29 279
28 279
28 280
27 280
26 280
26 281
25 281
24 281
24 282
24 283
23 283
23 284
22 284
22 285
21 285
20 285
20 286
20 287
20 288
19 288
19 289
19 290
18 291
18 292
17 292
17 293
17 294
17 295
17 296
17 297
17 298
17 299
17 300
17 301
17 302
17 303
17 304
17 305
16 305
16 306
16 307
16 308
16 309
16 310
16 311
16 312
16 313
16 314
16 315
15 315
15 316
14 317
14 318
13 318
13 319
12 319
12 320
11 321
10 321
10 322
9 322
8 322
8 323
7 323
7 324
6 324
6 325
6 326
6 327
5 327
5 328
4 328
4 329
4 330
4 331
4 332
4 333
4 334
4 335
4 336
4 337
5 337
6 337
6 338
7 338
8 338
9 338
9 339
9 340
9 341
9 342
9 343
9 344
9 345
9 346
9 347
9 348
9 349
9 350
