299 2
299 3
298 3
297 3
297 4
296 4
295 4
294 5
293 5
293 6
292 6
291 6
291 7
290 7
290 8
289 8
289 9
288 9
288 10
287 10
287 11
286 11
286 12
285 12
285 13
285 14
285 15
284 15
284 16
283 17
283 18
282 18
282 19
282 20
282 21
282 22
281 22
281 23
281 24
281 25
280 25
280 26
280 27
280 28
280 29
279 30
279 31
279 32
279 33
279 34
279 35
278 35
278 36
278 37
278 38
278 39
278 40
277 40
277 41
276 42
276 43
276 44
276 45
276 46
276 47
275 47
275 48
274 48
274 49
274 50
274 51
274 52
273 52
273 53
273 54
272 55
272 56
272 57
271 57
271 58
270 58
270 59
270 60
270 61
269 61
269 62
269 63
268 63
268 64
267 65
266 65
266 66
265 66
264 66
264 67
263 67
263 68
262 68
261 68
260 68
260 69
259 69
258 69
257 69
256 69
256 70
255 70
254 70
254 71
253 71
252 71
251 72
250 72
250 73
249 73
248 73
247 73
246 73
246 74
245 74
244 74
243 74
243 75
242 75
241 75
241 76
240 76
239 76
238 76
238 77
237 77
236 77
236 78
235 78
235 79
234 79
233 79
233 80
232 80
231 80
230 80
230 81
229 81
228 82
227 82
226 83
225 83
225 84
225 85
224 85
223 85
223 86
222 86
222 87
221 87
220 87
220 88
219 88
219 89
218 90
217 90
217 91
216 91
216 92
216 93
215 93
215 94
214 94
213 95
212 95
212 96
211 97
210 97
210 98
209 98
208 98
208 99
207 99
207 100
206 100
206 101
205 102
204 102
204 103
203 103
203 104
203 105
203 106
202 106
202 107
201 107
200 107
200 108
200 109
199 109
199 110
198 110
198 111
197 111
197 112
197 113
196 113
195 113
195 114
194 115
194 116
193 116
193 117
192 117
192 118
192 119
191 119
191 120
190 120
190 121
190 122
189 122
189 123
188 123
188 124
187 124
187 125
186 126
185 126
185 127
184 127
184 128
183 128
183 129
183 130
182 130
182 131
181 131
180 131
180 132
179 132
179 133
178 134
177 134
177 135
176 135
175 135
175 136
174 136
174 137
173 137
173 138
172 138
171 138
171 139
170 139
170 140
169 140
168 140
168 141
167 141
167 142
166 142
165 142
165 143
164 143
164 144
163 144
162 144
162 145
161 145
161 146
160 146
160 147
159 147
159 148
158 148
158 149
157 149
157 150
157 151
156 151
156 152
155 152
155 153
155 154
155 155
154 155
154 156
153 156
153 157
153 158
152 158
152 159
152 160
151 160
151 161
151 162
151 163
150 164
150 165
150 166
149 166
149 167
149 168
149 169
148 169
148 170
148 171
147 171
147 172
146 173
146 174
146 175
145 175
145 176
145 177
144 177
144 178
143 178
143 179
143 180
142 180
142 181
141 182
141 183
141 184
140 184
140 185
140 186
139 186
138 186
138 187
138 188
137 188
137 189
136 189
136 190
136 191
135 191
135 192
134 192
134 193
133 193
133 194
133 195
132 196
132 197
131 197
131 198
130 198
129 198
129 199
129 200
129 201
128 201
128 202
127 202
127 203
127 204
126 204
126 205
125 205
125 206
124 207
124 208
123 209
122 209
122 210
121 210
121 211
120 211
120 212
120 213
119 213
119 214
118 214
118 215
118 216
117 217
117 218
116 218
116 219
116 220
115 221
114 221
114 222
113 223
113 224
112 224
112 225
111 225
110 225
110 226
109 226
108 226
108 227
107 227
107 228
106 228
106 229
105 229
104 229
104 230
103 230
103 231
102 231
101 231
101 232
101 233
100 233
99 233
98 234
97 234
96 235
96 236
95 236
94 236
94 237
93 237
93 238
92 238
91 238
91 239
90 239
89 239
89 240
89 241
88 241
88 242
87 242
86 243
85 243
84 243
84 244
83 244
83 245
82 245
82 246
81 246
80 246
80 247
80 248
79 248
79 249
78 249
77 249
77 250
76 250
75 250
74 251
73 251
72 251
72 252
71 252
71 253
70 253
69 253
69 254
68 254
67 254
66 254
66 255
65 255
64 255
63 255
63 256
62 256
62 257
61 257
61 258
60 258
60 259
59 259
58 259
58 260
58 261
57 261
56 261
56 262
56 263
55 263
55 264
54 264
54 265
53 266
52 267
52 268
51 268
51 269
50 270
49 270
49 271
48 271
48 272
47 272
47 273
46 273
46 274
45 274
44 274
43 274
43 275
42 275
41 275
40 276
39 276
38 276
37 276
37 277
36 277
35 277
35 278
34 278
33 278
32 279
31 279
30 279
29 279
29 280
28 280
27 280
26 280
26 281
25 281
24 281
23 281
23 282
22 282
21 282
21 283
20 283
19 283
19 284
18 284
17 284
17 285
17 286
16 286
15 286
15 287
15 288
14 288
14 289
14 290
14 291
13 291
13 292
13 294
12 295
12 296
11 296
11 297
11 298
11 299
11 300
11 301
11 302
11 303
11 304
11 305
11 306
11 307
11 308
11 309
11 310
11 311
11 312
11 313
11 314
11 315
11 316
11 317
11 318
11 319
11 320
11 321
10 321
10 322
10 323
10 324
9 324
9 325
9 326
8 326
8 327
7 327
7 328
7 329
6 329
6 330
6 331
5 331
5 332
5 333
5 334
5 335
5 336
5 337
5 338
5 339
5 340
5 341
5 342
5 343
5 344
5 345
5 346
5 347
5 348
5 349
5 350
